Sample_id	recovered_realigned_day	lowest_dist	DistxDay	Timepoint_realign	Study	Perturbance_scale	Shannon	Akkermansia	Alistipes	Anaerostipes	Atopobiaceae.gen..incertae.sedis	Bacteria.gen..incertae.sedis	Bacteroidales.gen..incertae.sedis	Bacteroides	Barnesiella	Bifidobacterium	Blautia	Butyricicoccus	Butyrivibrio	Clostridiales.Family.XIII..Incertae.Sedis.gen..incertae.sedis	Clostridiales.gen.._Clostridium_Coprococcus_	Clostridiales.gen.._Ruminococcus_Blautia_	Clostridiales.gen..incertae.sedis	Clostridium	Collinsella	Coprococcus	Dehalococcoidales.gen..incertae.sedis	Dialister	Dorea	Eggerthella	Eggerthellaceae.gen..incertae.sedis	Erysipelotrichaceae.gen..incertae.sedis	Eubacterium	Faecalibacterium	Firmicutes.gen.._Carnobacterium_Phascolarctobacterium_	Firmicutes.gen.._Lactobacillus_Lachnospira_	Firmicutes.gen..incertae.sedis	Flavonifractor	Fusicatenibacter	Fusobacterium	Holdemanella	Intestinibacter	Lachnoclostridium	Lachnospira	Lachnospiraceae.gen..incertae.sedis	Lactobacillus	Methanobrevibacter	Methanosphaera	Mitsuokella	Mycoplasma	Odoribacter	Oscillibacter	Parabacteroides	Paraprevotella	Peptostreptococcaceae.gen..incertae.sedis	Phascolarctobacterium	Prevotella	Romboutsia	Roseburia	Ruminococcaceae.gen..incertae.sedis	Ruminococcus	Streptococcus	Succinivibrio	Sutterella	Veillonella
801	55	0.277456647398844	15.2601156069364	Baseline	Suez	0.528735632183908	2.40008689987475	0	1	0	0	0	1	0	0	2	1	0	10	0	0	0	13	60	0	1	1	3	2	0	0	0	6	4	0	0	29	0	0	0	3	1	0	0	2	0	1	2	1	2	0	0	0	0	0	0	12	0	3	1	6	0	14	0	0
802	54	0.280701754385965	15.1578947368421	Baseline	Suez	0.532033426183844	2.50499679013865	0	1	3	0	0	1	1	2	4	5	1	0	0	1	0	15	25	1	2	0	0	3	0	0	0	2	6	0	0	15	0	0	2	0	0	0	1	0	1	0	0	1	0	0	2	1	0	0	4	54	0	4	2	9	1	0	0	0
803	34	0.274285714285714	9.32571428571429	Baseline	Suez	0.355555555555556	2.76834222692675	0	0	0	1	0	0	0	0	4	2	1	0	1	0	1	21	8	0	3	10	2	2	0	2	0	8	4	0	1	18	0	0	0	4	1	0	0	4	3	0	1	2	0	0	3	0	0	0	0	45	0	6	2	8	1	5	1	0
804	40	0.23943661971831	9.57746478873239	Baseline	Suez	0.329577464788732	2.7191095380823	0	0	2	1	0	2	0	0	7	3	2	3	0	0	0	17	7	1	3	6	4	4	0	1	1	8	4	0	0	5	0	1	0	3	0	0	0	5	3	1	0	0	1	0	0	0	0	1	0	57	1	7	0	12	0	2	1	0
805	48	0.502958579881657	24.1420118343195	Baseline	Suez	0.794019933554817	2.90465037179492	0	0	2	1	5	2	0	0	0	7	0	25	1	0	4	12	15	1	3	4	2	5	0	1	2	1	3	0	0	14	0	1	6	7	2	0	0	1	0	0	0	0	0	0	0	0	0	0	0	26	0	1	6	6	0	3	0	0
806	42	0.339031339031339	14.2393162393162	Baseline	Suez	0.671641791044776	2.76002423438053	2	3	14	0	0	1	8	0	9	20	1	0	0	0	1	8	18	1	1	0	3	9	0	1	0	8	8	0	0	2	0	0	0	0	1	0	1	7	0	0	0	0	0	0	0	1	0	0	0	2	1	7	3	38	0	0	0	0
807	47	0.365994236311239	17.2017291066282	Baseline	Suez	0.611267605633803	2.59682619743145	1	0	5	0	0	0	9	1	1	5	1	0	0	0	0	21	46	0	1	0	2	0	0	0	0	5	12	0	0	11	0	1	0	0	0	0	0	4	1	4	0	0	4	2	0	2	0	0	0	0	1	8	7	12	0	0	0	0
ERAS10	56	0.510489510489511	28.5874125874126	Baseline	Palleja	0.48125	2.19689490470546	0	5	0	0	0	0	13	3	2	0	1	0	0	0	0	22	2	0	1	0	4	0	0	0	0	1	7	0	3	0	0	0	0	0	0	0	0	6	0	0	0	0	0	1	6	6	0	0	0	81	0	4	7	6	0	0	3	1
ERAS11	39	0.39622641509434	15.4528301886792	Baseline	Palleja	0.816155988857939	2.54698881069246	0	3	1	0	0	0	2	0	5	0	1	0	0	0	0	43	24	1	2	0	16	0	2	0	0	2	5	0	0	7	0	0	0	0	0	0	0	4	0	2	0	0	1	0	9	0	1	0	0	9	0	4	17	15	0	0	0	0
ERAS12	27	0.587458745874587	15.8613861386139	Baseline	Palleja	0.983739837398374	1.71231326951686	0	0	2	0	0	0	4	0	1	1	0	0	0	0	0	4	1	0	2	0	17	3	0	0	0	11	5	0	1	0	0	0	0	0	0	0	0	1	0	0	0	0	0	0	3	0	0	0	0	107	0	6	2	5	0	0	3	1
ERAS1	53	0.350348027842227	18.5684454756381	Baseline	Palleja	0.420765027322404	2.56500972272356	0	5	2	0	0	0	18	0	1	7	0	0	0	0	0	21	6	1	3	0	5	0	0	0	0	4	40	0	0	0	0	0	0	0	0	0	0	14	1	0	0	0	0	0	6	6	0	0	0	0	0	20	13	8	0	0	2	0
ERAS2	38	0.449704142011834	17.0887573964497	Baseline	Palleja	0.862464183381089	2.57157486393309	0	5	0	0	1	0	17	0	0	7	1	0	0	0	1	33	15	0	12	0	0	0	0	0	0	19	10	2	0	2	0	0	0	0	0	1	0	2	0	0	0	0	0	1	1	1	2	0	0	0	0	11	9	6	0	0	0	0
ERAS3	39	0.569131832797428	22.1961414790997	Baseline	Palleja	0.87987987987988	2.52480160681302	0	6	1	0	0	1	20	0	2	5	0	0	0	0	0	23	9	0	0	0	0	2	0	0	0	0	21	1	0	15	0	0	0	0	0	0	0	15	0	0	0	0	0	0	2	1	3	0	0	0	0	4	6	13	0	0	0	0
ERAS4	30	0.490445859872611	14.7133757961783	Baseline	Palleja	0.872679045092838	2.64309541963611	0	2	1	0	0	0	19	0	0	3	0	0	0	1	0	19	21	0	0	4	5	0	1	0	0	3	20	0	6	1	0	0	15	1	0	0	0	0	0	0	0	0	0	1	1	2	3	0	1	40	0	5	4	8	1	0	1	0
ERAS5	38	0.644067796610169	24.4745762711864	Baseline	Palleja	0.889807162534435	2.41797841389083	3	3	0	0	0	0	17	1	1	0	0	0	0	0	0	26	5	1	0	0	28	0	0	1	0	2	7	0	0	6	0	1	0	0	0	1	0	14	0	0	0	0	0	0	5	0	0	0	0	41	0	6	7	1	0	0	0	0
ERAS6	38	0.641873278236915	24.3911845730028	Baseline	Palleja	0.893048128342246	2.09881447310842	0	1	0	0	0	0	1	0	1	0	1	0	0	2	0	11	9	1	0	0	18	0	0	0	0	7	5	0	0	1	1	0	0	0	0	0	0	17	0	0	0	0	0	0	1	1	0	0	0	72	0	24	1	9	0	0	0	0
ERAS7	38	0.552407932011331	20.9915014164306	Baseline	Palleja	0.915014164305949	2.56761146857712	0	3	0	0	0	0	22	0	0	1	0	0	0	0	0	28	10	1	0	0	1	0	1	0	0	6	10	3	0	4	0	0	0	0	0	0	0	13	0	0	0	0	0	0	9	4	1	0	0	14	0	27	4	9	0	0	0	0
ERAS8	36	0.304347826086957	10.9565217391304	Baseline	Palleja	0.475409836065574	2.30331893155698	0	2	1	0	0	0	23	2	0	0	1	0	0	0	0	22	2	1	5	0	7	1	0	0	0	3	6	0	1	7	0	0	0	4	0	0	0	6	0	0	0	0	0	1	6	2	0	0	0	70	0	4	6	1	0	0	0	0
ERAS9	38	0.412103746397695	15.6599423631124	Baseline	Palleja	0.814207650273224	2.3771152959682	0	11	0	0	0	0	29	3	0	0	0	0	0	0	0	34	1	0	0	0	6	0	0	0	0	17	7	3	0	0	0	0	0	4	0	0	0	0	0	0	0	0	0	1	1	2	0	0	0	27	0	2	11	21	0	0	1	0
