run_accession	ID	Day	MF0001	MF0002	MF0003	MF0004	MF0005	MF0006	MF0007	MF0008	MF0009	MF0010	MF0011	MF0012	MF0013	MF0014	MF0015	MF0016	MF0017	MF0018	MF0019	MF0020	MF0021	MF0022	MF0023	MF0024	MF0025	MF0026	MF0027	MF0028	MF0029	MF0030	MF0031	MF0032	MF0033	MF0034	MF0035	MF0036	MF0037	MF0038	MF0039	MF0040	MF0041	MF0042	MF0043	MF0044	MF0045	MF0046	MF0047	MF0048	MF0049	MF0050	MF0051	MF0052	MF0053	MF0054	MF0055	MF0056	MF0057	MF0058	MF0059	MF0060	MF0061	MF0062	MF0063	MF0064	MF0065	MF0066	MF0067	MF0068	MF0069	MF0070	MF0071	MF0072	MF0073	MF0074	MF0075	MF0076	MF0077	MF0078	MF0079	MF0080	MF0081	MF0082	MF0083	MF0084	MF0085	MF0086	MF0087	MF0088	MF0089	MF0090	MF0091	MF0092	MF0093	MF0094	MF0095	MF0096	MF0097	MF0098	MF0099	MF0100	MF0101	MF0102	MF0103	MF0104	MF0105	MF0106	MF0107	MF0108	MF0109	MF0110	MF0111	MF0112	MF0113	MF0114	MF0115	MF0116	MF0117	MF0118	MF0119	MF0120	MF0121	MF0122	MF0123	MF0124	MF0125	MF0126	MF0127	MF0128	MF0129	MF0130	MF0131	MF0132	MF0133
ERR1995215	ERAS11	0	93	65	99	4	29	10	88	88	46	0	122	47	65	17	6	61	162	6	3	32	32	37	288	42	24	64	118	122	71	264	159	20	94	386	91	61	1	0	82	51	22	5	102	161	16	160	13	587	124	279	150	13	83	97	160	205	156	123	192	204	134	260	322	65	99	399	3	18	19	5	217	51	171	152	0	134	91	134	169	197	173	68	82	29	384	66	67	91	56	154	198	47	69	62	0	0	3	12	2	50	55	157	134	6	0	6	12	161	191	120	72	126	124	21	8	70	118	19	72	4	21	54	19	198	52	22	79	0	12	12	10	56	27
ERR1995218	ERAS11	4	161	123	94	5	10	0	105	105	1	0	110	8	8	0	0	5	188	0	1	4	5	4	221	0	1	14	26	150	120	292	4	1	82	184	72	4	6	0	0	0	0	2	129	26	29	372	21	250	238	1172	328	0	84	9	77	245	194	254	196	191	69	364	382	2	8	407	0	1	1	0	74	75	40	3	0	74	151	74	186	275	246	69	11	3	582	11	12	14	7	184	78	23	50	33	0	0	0	1	1	39	38	217	67	0	0	0	0	242	245	28	0	46	77	0	1	3	3	1	90	0	1	6	14	192	10	2	27	0	0	2	0	131	21
ERR1995220	ERAS12	0	63	34	109	2	24	8	90	90	39	2	112	74	56	10	0	42	142	9	2	36	38	41	291	11	62	29	54	106	46	246	170	26	86	530	131	36	2	0	79	57	36	3	121	113	9	220	5	816	134	323	133	23	52	121	116	262	117	50	234	123	156	293	469	91	90	397	0	6	17	9	214	40	231	257	0	112	93	112	122	170	124	153	28	6	336	94	94	93	48	115	204	111	48	31	0	0	0	19	0	42	47	163	137	11	3	35	8	169	176	115	12	128	186	9	4	72	112	9	40	2	80	27	13	189	101	11	105	1	8	21	6	51	56
ERR1995223	ERAS12	4	195	149	358	25	56	22	96	95	85	1	85	89	13	121	0	93	150	108	3	44	26	53	94	72	24	13	90	206	107	460	150	63	83	357	210	252	63	2	48	516	4	45	274	113	100	418	28	300	88	519	250	0	78	107	373	211	165	174	302	346	54	209	368	54	80	241	0	55	49	69	202	59	144	394	0	332	121	328	202	171	164	82	69	2	714	128	111	76	76	198	180	95	44	7	18	0	0	2	0	40	71	118	85	78	61	108	8	230	166	100	2	167	121	62	90	46	36	107	152	67	105	80	48	255	114	65	89	78	90	36	27	42	65
ERR1995229	ERAS2	0	84	58	86	2	23	11	87	87	37	3	105	72	55	45	0	55	128	18	2	31	31	35	266	21	36	46	90	73	58	248	169	41	80	482	100	9	0	0	86	113	35	14	117	229	10	242	8	795	152	374	158	63	65	130	144	231	130	90	188	184	182	305	529	198	140	471	2	14	20	10	246	43	171	211	0	126	75	126	145	180	164	94	47	29	344	69	72	77	46	134	222	54	61	54	1	0	0	8	0	71	74	203	130	24	2	13	22	125	181	120	27	80	134	18	5	71	123	11	79	4	41	45	30	163	82	20	81	1	38	14	12	40	30
ERR1995232	ERAS2	4	162	124	92	1	4	1	107	107	0	4	151	4	15	0	0	2	143	0	0	7	10	9	221	3	2	23	68	101	110	299	15	0	114	158	79	10	0	0	3	20	0	0	137	40	14	246	20	113	244	484	258	0	116	87	130	63	200	211	228	162	196	276	840	8	2	335	0	0	0	0	98	45	104	4	0	130	148	130	166	257	250	95	13	0	586	19	22	27	0	161	81	33	49	74	0	0	0	1	0	36	45	71	58	5	3	1	0	196	322	81	0	37	84	3	1	0	0	6	2	1	0	14	40	207	5	0	53	0	0	2	1	159	13
ERR1995234	ERAS3	0	106	73	112	2	26	15	91	91	39	0	109	71	51	50	2	90	147	17	2	31	33	36	282	15	49	52	101	96	65	296	173	62	83	481	102	16	2	0	87	75	34	6	115	198	14	245	8	739	161	327	169	70	80	125	171	217	144	85	185	188	110	317	228	78	96	480	2	11	16	11	237	52	161	173	0	138	85	138	151	200	174	96	61	13	442	80	81	89	58	141	222	65	59	60	0	0	0	7	0	68	81	219	127	13	2	11	22	156	182	128	25	104	138	21	13	66	105	8	62	6	44	56	30	162	86	28	92	1	22	16	19	30	33
ERR1995237	ERAS3	4	101	82	59	21	16	2	72	72	16	6	88	74	13	2	1	23	110	2	0	7	16	7	136	6	30	10	24	106	88	186	32	0	74	244	66	17	0	0	8	11	14	1	102	116	5	226	14	204	116	1038	204	1	53	21	88	228	128	140	163	133	17	251	507	6	7	324	0	2	2	1	48	50	36	30	0	33	102	34	154	191	174	72	30	4	336	22	20	23	2	152	36	19	36	16	0	0	0	1	0	25	24	148	55	7	3	2	2	185	139	44	20	12	106	1	5	5	7	5	70	4	6	17	10	148	26	5	33	0	5	7	5	69	16
ERR1995239	ERAS4	0	83	57	78	2	27	7	90	90	20	0	119	69	59	19	4	73	154	10	1	30	34	35	268	14	24	36	74	98	67	244	130	29	91	455	107	14	0	0	62	80	17	6	113	184	11	184	5	762	143	252	142	28	64	74	130	221	130	66	225	159	144	278	342	84	104	417	6	10	15	8	202	40	190	184	0	114	86	114	138	184	152	78	51	14	347	78	83	81	44	126	191	85	58	41	0	0	0	5	0	57	63	165	137	10	1	16	14	152	159	116	22	124	159	14	6	51	96	6	58	4	47	44	20	164	86	21	90	0	17	16	9	53	48
ERR1995242	ERAS4	4	176	142	125	3	15	4	94	94	2	0	121	12	18	2	0	6	216	0	1	4	5	5	190	0	4	28	28	116	119	308	28	4	91	88	72	4	3	0	6	10	2	1	136	55	38	346	31	237	224	298	307	2	93	26	202	120	222	255	249	287	188	368	708	24	24	433	2	2	2	1	146	60	114	20	0	190	170	191	192	297	256	77	11	2	592	18	20	19	17	190	136	29	61	82	0	0	0	1	1	47	59	123	84	2	1	0	3	208	313	40	4	40	97	3	1	4	10	4	23	2	3	10	34	197	13	4	41	0	2	4	1	124	16
ERR1995244	ERAS5	0	70	39	87	2	22	5	92	92	22	0	112	61	59	27	5	50	156	14	2	32	34	37	273	14	54	36	59	84	70	248	147	39	84	448	116	60	2	0	71	62	26	9	122	173	14	244	7	695	152	334	154	34	56	112	172	251	114	43	187	176	139	268	447	103	127	369	2	12	23	5	231	45	220	313	0	158	83	158	134	165	132	85	48	15	358	80	79	89	54	128	225	94	52	34	3	0	1	11	0	63	94	161	159	12	1	20	14	142	156	116	33	136	163	18	7	62	109	6	61	2	65	58	22	174	101	20	96	0	28	19	13	68	49
ERR1995247	ERAS5	4	174	131	389	36	67	26	89	85	124	0	79	157	21	290	0	108	107	122	2	66	38	79	106	75	46	15	116	176	86	460	212	105	83	340	246	310	79	6	85	596	12	56	305	44	140	267	28	378	48	143	182	44	55	114	496	164	133	127	308	461	89	112	44	44	86	161	0	64	59	75	249	52	235	455	0	442	95	439	160	109	112	110	94	1	624	150	133	100	98	160	197	129	39	11	56	0	0	3	0	42	85	71	112	110	78	153	8	140	129	133	2	246	178	98	89	65	65	134	114	84	184	112	38	257	168	143	112	84	139	58	43	14	88
ERR1995249	ERAS6	0	68	40	93	3	19	10	117	117	10	1	140	79	62	5	0	34	147	10	2	34	32	38	343	12	58	38	76	91	60	254	147	18	108	525	118	19	1	0	71	82	7	8	123	196	10	270	6	697	112	298	175	22	76	157	122	254	116	92	153	143	155	338	420	113	113	474	0	6	18	4	234	44	222	240	0	118	86	118	136	179	151	87	30	11	329	79	80	83	60	127	207	71	56	45	1	0	0	15	0	62	62	123	146	5	1	22	9	163	189	121	12	126	155	18	6	71	102	5	54	0	62	33	16	156	98	11	88	2	25	21	5	46	53
ERR1995252	ERAS6	4	154	111	52	0	4	2	136	136	2	3	140	18	18	1	0	4	186	1	0	4	7	4	256	0	12	52	80	84	97	306	71	0	107	242	104	8	5	0	0	3	9	0	122	113	30	239	29	236	216	205	185	0	132	25	222	158	166	165	168	136	141	359	1957	300	225	227	0	1	1	0	217	50	73	124	0	164	136	164	188	249	216	35	21	0	609	31	29	37	28	151	212	13	48	68	0	0	0	6	0	45	55	249	83	0	0	0	0	185	239	58	3	44	79	1	1	0	0	1	10	0	0	5	24	158	8	0	46	0	0	1	2	128	10
ERR1995254	ERAS7	0	79	50	81	4	20	7	87	87	48	0	107	115	60	38	2	81	134	18	2	32	37	38	309	26	33	43	86	80	60	258	177	52	82	416	114	15	1	0	88	89	48	8	106	247	12	202	5	745	159	304	156	84	79	107	148	242	124	81	172	141	167	318	451	129	102	416	1	11	16	4	194	46	188	139	0	122	82	122	149	181	155	95	58	14	364	78	79	91	45	134	175	59	53	58	0	1	0	11	0	76	85	205	139	20	3	15	12	150	172	123	34	92	150	17	6	68	123	6	60	4	48	45	20	147	92	18	91	1	30	16	12	41	33
ERR1995257	ERAS7	4	163	138	143	3	7	2	89	89	0	0	112	3	13	0	0	4	233	0	0	4	4	5	213	6	4	10	24	116	110	260	18	2	84	26	81	11	1	0	0	7	2	1	148	15	32	275	30	174	277	226	310	0	124	6	164	103	242	320	209	252	193	387	1221	17	13	395	0	2	2	0	136	65	35	24	0	157	178	156	185	321	246	62	17	0	503	12	13	7	6	184	119	28	58	65	0	0	0	1	0	38	51	105	66	0	0	0	1	229	320	17	2	14	77	4	4	0	6	5	17	0	0	6	38	191	9	0	33	0	0	6	6	114	14
ERR1995263	ERAS9	0	72	43	85	3	26	6	90	90	46	0	107	56	61	57	4	91	161	25	3	37	41	42	295	16	63	36	74	90	72	246	198	71	84	450	96	26	2	0	121	38	48	7	105	245	11	212	7	840	228	274	130	96	56	179	160	223	117	73	223	184	146	285	301	96	106	400	0	13	21	12	230	44	175	208	0	128	80	128	138	177	164	112	66	13	346	79	78	94	40	131	218	83	51	53	0	0	0	9	0	60	71	232	134	21	2	21	8	146	158	119	36	155	168	13	8	86	152	15	60	3	48	64	18	187	86	8	96	1	36	18	21	32	40
ERR1995266	ERAS9	4	229	142	33	7	12	1	150	150	4	0	219	8	42	0	0	5	102	2	0	18	25	20	572	10	4	61	112	86	154	558	39	2	165	492	170	10	0	0	6	226	1	0	234	113	18	248	9	397	69	550	228	1	116	184	208	223	224	118	488	95	214	259	255	10	31	409	0	3	3	2	130	55	311	31	0	190	170	190	204	340	289	23	31	4	1067	46	56	75	37	177	149	29	58	119	0	0	0	2	0	46	43	138	123	2	1	3	2	290	275	176	7	142	106	2	1	6	7	3	51	1	4	24	33	326	54	4	81	1	0	9	2	201	18
